Merged result:  res size = 151 actual = 151
4 4
12 12
18 18
23 23
26 26
32 32
43 43
50 50
52 52
80 80
81 81
83 83
84 84
89 89
91 91
94 94
100 100
103 103
111 111
137 137
139 139
148 148
150 150
151 151
155 155
157 157
176 176
198 198
198 198
211 211
228 228
232 232
242 242
259 259
282 282
288 288
289 289
297 297
303 303
341 341
344 344
348 348
352 352
355 355
356 356
359 359
369 369
382 382
389 389
394 394
400 400
405 405
407 407
419 419
423 423
425 425
426 426
440 440
440 440
442 442
456 456
458 458
467 467
467 467
472 472
473 473
474 474
484 484
485 485
488 488
499 499
500 500
501 501
501 501
503 503
504 504
508 508
509 509
517 517
521 521
534 534
534 534
541 541
541 541
548 548
561 561
565 565
566 566
566 566
571 571
572 572
576 576
584 584
598 598
606 606
607 607
614 614
618 618
622 622
624 624
642 642
648 648
656 656
657 657
665 665
665 665
677 677
694 694
694 694
709 709
713 713
722 722
727 727
754 754
757 757
760 760
766 766
798 798
801 801
808 808
809 809
813 813
815 815
817 817
818 818
820 820
822 822
832 832
843 843
846 846
848 848
851 851
865 865
873 873
884 884
895 895
896 896
903 903
905 905
909 909
916 916
920 920
925 925
937 937
938 938
938 938
954 954
963 963
965 965
992 992
999 999

Merge is correct
